2024/05/21-18:51:08.647207 8ae8 RocksDB version: 8.3.2
2024/05/21-18:51:08.647315 8ae8 Git sha 3f7c92b9753b697ce6a5ea737086d2751f17956c
2024/05/21-18:51:08.647334 8ae8 Compile date 2023-06-28 10:58:06
2024/05/21-18:51:08.647351 8ae8 DB SUMMARY
2024/05/21-18:51:08.647363 8ae8 DB Session ID:  IHIV48L6P2UHX03MDX7V
2024/05/21-18:51:08.648562 8ae8 CURRENT file:  CURRENT
2024/05/21-18:51:08.648583 8ae8 IDENTITY file:  IDENTITY
2024/05/21-18:51:08.648665 8ae8 MANIFEST file:  MANIFEST-000078 size: 3603 Bytes
2024/05/21-18:51:08.648689 8ae8 SST files in C:\Users\inaya\Documents\SEMESTER 6\SEMESTER 6\6_DistSys\BesuNodes\Node-2\data\database dir, Total Num: 17, files: 000051.sst 000052.sst 000053.sst 000054.sst 000055.sst 000056.sst 000057.sst 000060.sst 000062.sst 
2024/05/21-18:51:08.648846 8ae8 Write Ahead Log file in C:\Users\inaya\Documents\SEMESTER 6\SEMESTER 6\6_DistSys\BesuNodes\Node-2\data\database: 000077.log size: 6767719 ; 
2024/05/21-18:51:08.648869 8ae8                         Options.error_if_exists: 0
2024/05/21-18:51:08.648876 8ae8                       Options.create_if_missing: 1
2024/05/21-18:51:08.648882 8ae8                         Options.paranoid_checks: 1
2024/05/21-18:51:08.648887 8ae8             Options.flush_verify_memtable_count: 1
2024/05/21-18:51:08.648893 8ae8                               Options.track_and_verify_wals_in_manifest: 0
2024/05/21-18:51:08.648899 8ae8        Options.verify_sst_unique_id_in_manifest: 1
2024/05/21-18:51:08.648905 8ae8                                     Options.env: 000001AEC649B3A0
2024/05/21-18:51:08.648916 8ae8                                      Options.fs: WinFS
2024/05/21-18:51:08.648922 8ae8                                Options.info_log: 000001AEC163D880
2024/05/21-18:51:08.648927 8ae8                Options.max_file_opening_threads: 16
2024/05/21-18:51:08.648933 8ae8                              Options.statistics: 000001AEC37B5550
2024/05/21-18:51:08.648938 8ae8                               Options.use_fsync: 0
2024/05/21-18:51:08.648943 8ae8                       Options.max_log_file_size: 0
2024/05/21-18:51:08.648949 8ae8                  Options.max_manifest_file_size: 1073741824
2024/05/21-18:51:08.648955 8ae8                   Options.log_file_time_to_roll: 86400
2024/05/21-18:51:08.648960 8ae8                       Options.keep_log_file_num: 7
2024/05/21-18:51:08.648965 8ae8                    Options.recycle_log_file_num: 0
2024/05/21-18:51:08.648970 8ae8                         Options.allow_fallocate: 1
2024/05/21-18:51:08.648976 8ae8                        Options.allow_mmap_reads: 0
2024/05/21-18:51:08.648981 8ae8                       Options.allow_mmap_writes: 0
2024/05/21-18:51:08.648987 8ae8                        Options.use_direct_reads: 0
2024/05/21-18:51:08.648992 8ae8                        Options.use_direct_io_for_flush_and_compaction: 0
2024/05/21-18:51:08.648998 8ae8          Options.create_missing_column_families: 1
2024/05/21-18:51:08.649004 8ae8                              Options.db_log_dir: 
2024/05/21-18:51:08.649009 8ae8                                 Options.wal_dir: 
2024/05/21-18:51:08.649015 8ae8                Options.table_cache_numshardbits: 6
2024/05/21-18:51:08.649020 8ae8                         Options.WAL_ttl_seconds: 0
2024/05/21-18:51:08.649025 8ae8                       Options.WAL_size_limit_MB: 0
2024/05/21-18:51:08.649031 8ae8                        Options.max_write_batch_group_size_bytes: 1048576
2024/05/21-18:51:08.649037 8ae8             Options.manifest_preallocation_size: 4194304
2024/05/21-18:51:08.649042 8ae8                     Options.is_fd_close_on_exec: 1
2024/05/21-18:51:08.649047 8ae8                   Options.advise_random_on_open: 1
2024/05/21-18:51:08.649053 8ae8                    Options.db_write_buffer_size: 0
2024/05/21-18:51:08.649058 8ae8                    Options.write_buffer_manager: 000001AEC649AEF0
2024/05/21-18:51:08.649064 8ae8         Options.access_hint_on_compaction_start: 1
2024/05/21-18:51:08.649069 8ae8           Options.random_access_max_buffer_size: 1048576
2024/05/21-18:51:08.649075 8ae8                      Options.use_adaptive_mutex: 0
2024/05/21-18:51:08.649117 8ae8                            Options.rate_limiter: 0000000000000000
2024/05/21-18:51:08.649126 8ae8     Options.sst_file_manager.rate_bytes_per_sec: 0
2024/05/21-18:51:08.649132 8ae8                       Options.wal_recovery_mode: 2
2024/05/21-18:51:08.649137 8ae8                  Options.enable_thread_tracking: 0
2024/05/21-18:51:08.649143 8ae8                  Options.enable_pipelined_write: 0
2024/05/21-18:51:08.649148 8ae8                  Options.unordered_write: 0
2024/05/21-18:51:08.649153 8ae8         Options.allow_concurrent_memtable_write: 1
2024/05/21-18:51:08.649159 8ae8      Options.enable_write_thread_adaptive_yield: 1
2024/05/21-18:51:08.649164 8ae8             Options.write_thread_max_yield_usec: 100
2024/05/21-18:51:08.649169 8ae8            Options.write_thread_slow_yield_usec: 3
2024/05/21-18:51:08.649175 8ae8                               Options.row_cache: None
2024/05/21-18:51:08.649180 8ae8                              Options.wal_filter: None
2024/05/21-18:51:08.649186 8ae8             Options.avoid_flush_during_recovery: 0
2024/05/21-18:51:08.649191 8ae8             Options.allow_ingest_behind: 0
2024/05/21-18:51:08.649196 8ae8             Options.two_write_queues: 0
2024/05/21-18:51:08.649201 8ae8             Options.manual_wal_flush: 0
2024/05/21-18:51:08.649206 8ae8             Options.wal_compression: 0
2024/05/21-18:51:08.649211 8ae8             Options.atomic_flush: 0
2024/05/21-18:51:08.649216 8ae8             Options.avoid_unnecessary_blocking_io: 0
2024/05/21-18:51:08.649222 8ae8                 Options.persist_stats_to_disk: 0
2024/05/21-18:51:08.649227 8ae8                 Options.write_dbid_to_manifest: 0
2024/05/21-18:51:08.649232 8ae8                 Options.log_readahead_size: 0
2024/05/21-18:51:08.649238 8ae8                 Options.file_checksum_gen_factory: Unknown
2024/05/21-18:51:08.649243 8ae8                 Options.best_efforts_recovery: 0
2024/05/21-18:51:08.649248 8ae8                Options.max_bgerror_resume_count: 2147483647
2024/05/21-18:51:08.649254 8ae8            Options.bgerror_resume_retry_interval: 1000000
2024/05/21-18:51:08.649259 8ae8             Options.allow_data_in_errors: 0
2024/05/21-18:51:08.649264 8ae8             Options.db_host_id: __hostname__
2024/05/21-18:51:08.649270 8ae8             Options.enforce_single_del_contracts: true
2024/05/21-18:51:08.649275 8ae8             Options.max_background_jobs: 2
2024/05/21-18:51:08.649280 8ae8             Options.max_background_compactions: -1
2024/05/21-18:51:08.649286 8ae8             Options.max_subcompactions: 1
2024/05/21-18:51:08.649291 8ae8             Options.avoid_flush_during_shutdown: 0
2024/05/21-18:51:08.649296 8ae8           Options.writable_file_max_buffer_size: 1048576
2024/05/21-18:51:08.649302 8ae8             Options.delayed_write_rate : 16777216
2024/05/21-18:51:08.649307 8ae8             Options.max_total_wal_size: 1073741824
2024/05/21-18:51:08.649313 8ae8             Options.delete_obsolete_files_period_micros: 21600000000
2024/05/21-18:51:08.649318 8ae8                   Options.stats_dump_period_sec: 600
2024/05/21-18:51:08.649324 8ae8                 Options.stats_persist_period_sec: 600
2024/05/21-18:51:08.649329 8ae8                 Options.stats_history_buffer_size: 1048576
2024/05/21-18:51:08.649335 8ae8                          Options.max_open_files: 1024
2024/05/21-18:51:08.649340 8ae8                          Options.bytes_per_sync: 0
2024/05/21-18:51:08.649345 8ae8                      Options.wal_bytes_per_sync: 0
2024/05/21-18:51:08.649351 8ae8                   Options.strict_bytes_per_sync: 0
2024/05/21-18:51:08.649356 8ae8       Options.compaction_readahead_size: 0
2024/05/21-18:51:08.649362 8ae8                  Options.max_background_flushes: -1
2024/05/21-18:51:08.649378 8ae8 Compression algorithms supported:
2024/05/21-18:51:08.649385 8ae8 	kZSTD supported: 1
2024/05/21-18:51:08.649391 8ae8 	kSnappyCompression supported: 1
2024/05/21-18:51:08.649396 8ae8 	kBZip2Compression supported: 0
2024/05/21-18:51:08.649424 8ae8 	kZlibCompression supported: 1
2024/05/21-18:51:08.649431 8ae8 	kLZ4Compression supported: 1
2024/05/21-18:51:08.649437 8ae8 	kXpressCompression supported: 0
2024/05/21-18:51:08.649442 8ae8 	kLZ4HCCompression supported: 1
2024/05/21-18:51:08.649447 8ae8 	kZSTDNotFinalCompression supported: 1
2024/05/21-18:51:08.649453 8ae8 Fast CRC32 supported: Not supported on x86
2024/05/21-18:51:08.649458 8ae8 DMutex implementation: std::mutex
2024/05/21-18:51:08.651148 8ae8 [db\version_set.cc:5834] Recovering from manifest file: C:\Users\inaya\Documents\SEMESTER 6\SEMESTER 6\6_DistSys\BesuNodes\Node-2\data\database/MANIFEST-000078
2024/05/21-18:51:08.651692 8ae8 [db\column_family.cc:621] --------------- Options for column family [default]:
2024/05/21-18:51:08.651723 8ae8               Options.comparator: leveldb.BytewiseComparator
2024/05/21-18:51:08.651731 8ae8           Options.merge_operator: None
2024/05/21-18:51:08.651736 8ae8        Options.compaction_filter: None
2024/05/21-18:51:08.651742 8ae8        Options.compaction_filter_factory: None
2024/05/21-18:51:08.651747 8ae8  Options.sst_partitioner_factory: None
2024/05/21-18:51:08.651752 8ae8         Options.memtable_factory: SkipListFactory
2024/05/21-18:51:08.651758 8ae8            Options.table_factory: BlockBasedTable
2024/05/21-18:51:08.651790 8ae8            table_factory options:   flush_block_policy_factory: FlushBlockBySizePolicyFactory (000001AEC6892990)
  cache_index_and_filter_blocks: 0
  cache_index_and_filter_blocks_with_high_priority: 1
  pin_l0_filter_and_index_blocks_in_cache: 0
  pin_top_level_index_and_filter: 1
  index_type: 0
  data_block_index_type: 0
  index_shortening: 1
  data_block_hash_table_util_ratio: 0.750000
  checksum: 1
  no_block_cache: 0
  block_cache: 000001AEC6499E20
  block_cache_name: LRUCache
  block_cache_options:
    capacity : 134217728
    num_shard_bits : 6
    strict_capacity_limit : 0
    memory_allocator : None
    high_pri_pool_ratio: 0.000
    low_pri_pool_ratio: 0.000
  persistent_cache: 0000000000000000
  block_size: 32768
  block_size_deviation: 10
  block_restart_interval: 16
  index_block_restart_interval: 1
  metadata_block_size: 4096
  partition_filters: 0
  use_delta_encoding: 1
  filter_policy: bloomfilter
  whole_key_filtering: 1
  verify_compression: 0
  read_amp_bytes_per_bit: 0
  format_version: 5
  enable_index_compression: 1
  block_align: 0
  max_auto_readahead_size: 262144
  prepopulate_block_cache: 0
  initial_auto_readahead_size: 8192
  num_file_reads_for_auto_readahead: 2
2024/05/21-18:51:08.651797 8ae8        Options.write_buffer_size: 67108864
2024/05/21-18:51:08.651803 8ae8  Options.max_write_buffer_number: 2
2024/05/21-18:51:08.651808 8ae8          Options.compression: LZ4
2024/05/21-18:51:08.651814 8ae8                  Options.bottommost_compression: Disabled
2024/05/21-18:51:08.651819 8ae8       Options.prefix_extractor: nullptr
2024/05/21-18:51:08.651824 8ae8   Options.memtable_insert_with_hint_prefix_extractor: nullptr
2024/05/21-18:51:08.651829 8ae8             Options.num_levels: 7
2024/05/21-18:51:08.651835 8ae8        Options.min_write_buffer_number_to_merge: 1
2024/05/21-18:51:08.651840 8ae8     Options.max_write_buffer_number_to_maintain: 0
2024/05/21-18:51:08.651846 8ae8     Options.max_write_buffer_size_to_maintain: 134217728
2024/05/21-18:51:08.651851 8ae8            Options.bottommost_compression_opts.window_bits: -14
2024/05/21-18:51:08.651857 8ae8                  Options.bottommost_compression_opts.level: 32767
2024/05/21-18:51:08.651863 8ae8               Options.bottommost_compression_opts.strategy: 0
2024/05/21-18:51:08.651867 8ae8         Options.bottommost_compression_opts.max_dict_bytes: 0
2024/05/21-18:51:08.651872 8ae8         Options.bottommost_compression_opts.zstd_max_train_bytes: 0
2024/05/21-18:51:08.651876 8ae8         Options.bottommost_compression_opts.parallel_threads: 1
2024/05/21-18:51:08.651881 8ae8                  Options.bottommost_compression_opts.enabled: false
2024/05/21-18:51:08.651886 8ae8         Options.bottommost_compression_opts.max_dict_buffer_bytes: 0
2024/05/21-18:51:08.651892 8ae8         Options.bottommost_compression_opts.use_zstd_dict_trainer: true
2024/05/21-18:51:08.651898 8ae8            Options.compression_opts.window_bits: -14
2024/05/21-18:51:08.651903 8ae8                  Options.compression_opts.level: 32767
2024/05/21-18:51:08.651907 8ae8               Options.compression_opts.strategy: 0
2024/05/21-18:51:08.651912 8ae8         Options.compression_opts.max_dict_bytes: 0
2024/05/21-18:51:08.651916 8ae8         Options.compression_opts.zstd_max_train_bytes: 0
2024/05/21-18:51:08.651921 8ae8         Options.compression_opts.use_zstd_dict_trainer: true
2024/05/21-18:51:08.651925 8ae8         Options.compression_opts.parallel_threads: 1
2024/05/21-18:51:08.651930 8ae8                  Options.compression_opts.enabled: false
2024/05/21-18:51:08.651934 8ae8         Options.compression_opts.max_dict_buffer_bytes: 0
2024/05/21-18:51:08.651939 8ae8      Options.level0_file_num_compaction_trigger: 4
2024/05/21-18:51:08.651943 8ae8          Options.level0_slowdown_writes_trigger: 20
2024/05/21-18:51:08.651948 8ae8              Options.level0_stop_writes_trigger: 36
2024/05/21-18:51:08.651952 8ae8                   Options.target_file_size_base: 67108864
2024/05/21-18:51:08.651956 8ae8             Options.target_file_size_multiplier: 1
2024/05/21-18:51:08.651961 8ae8                Options.max_bytes_for_level_base: 268435456
2024/05/21-18:51:08.651965 8ae8 Options.level_compaction_dynamic_level_bytes: 0
2024/05/21-18:51:08.651971 8ae8          Options.max_bytes_for_level_multiplier: 10.000000
2024/05/21-18:51:08.651976 8ae8 Options.max_bytes_for_level_multiplier_addtl[0]: 1
2024/05/21-18:51:08.651980 8ae8 Options.max_bytes_for_level_multiplier_addtl[1]: 1
2024/05/21-18:51:08.651985 8ae8 Options.max_bytes_for_level_multiplier_addtl[2]: 1
2024/05/21-18:51:08.651989 8ae8 Options.max_bytes_for_level_multiplier_addtl[3]: 1
2024/05/21-18:51:08.651993 8ae8 Options.max_bytes_for_level_multiplier_addtl[4]: 1
2024/05/21-18:51:08.651998 8ae8 Options.max_bytes_for_level_multiplier_addtl[5]: 1
2024/05/21-18:51:08.652002 8ae8 Options.max_bytes_for_level_multiplier_addtl[6]: 1
2024/05/21-18:51:08.652006 8ae8       Options.max_sequential_skip_in_iterations: 8
2024/05/21-18:51:08.652011 8ae8                    Options.max_compaction_bytes: 1677721600
2024/05/21-18:51:08.652015 8ae8   Options.ignore_max_compaction_bytes_for_input: true
2024/05/21-18:51:08.652019 8ae8                        Options.arena_block_size: 1048576
2024/05/21-18:51:08.652024 8ae8   Options.soft_pending_compaction_bytes_limit: 68719476736
2024/05/21-18:51:08.652028 8ae8   Options.hard_pending_compaction_bytes_limit: 274877906944
2024/05/21-18:51:08.652032 8ae8                Options.disable_auto_compactions: 0
2024/05/21-18:51:08.652038 8ae8                        Options.compaction_style: kCompactionStyleLevel
2024/05/21-18:51:08.652043 8ae8                          Options.compaction_pri: kMinOverlappingRatio
2024/05/21-18:51:08.652048 8ae8 Options.compaction_options_universal.size_ratio: 1
2024/05/21-18:51:08.652052 8ae8 Options.compaction_options_universal.min_merge_width: 2
2024/05/21-18:51:08.652056 8ae8 Options.compaction_options_universal.max_merge_width: 4294967295
2024/05/21-18:51:08.652061 8ae8 Options.compaction_options_universal.max_size_amplification_percent: 200
2024/05/21-18:51:08.652065 8ae8 Options.compaction_options_universal.compression_size_percent: -1
2024/05/21-18:51:08.652070 8ae8 Options.compaction_options_universal.stop_style: kCompactionStopStyleTotalSize
2024/05/21-18:51:08.652075 8ae8 Options.compaction_options_fifo.max_table_files_size: 1073741824
2024/05/21-18:51:08.652079 8ae8 Options.compaction_options_fifo.allow_compaction: 0
2024/05/21-18:51:08.652085 8ae8                   Options.table_properties_collectors: 
2024/05/21-18:51:08.652094 8ae8                   Options.inplace_update_support: 0
2024/05/21-18:51:08.652098 8ae8                 Options.inplace_update_num_locks: 10000
2024/05/21-18:51:08.652103 8ae8               Options.memtable_prefix_bloom_size_ratio: 0.000000
2024/05/21-18:51:08.652149 8ae8               Options.memtable_whole_key_filtering: 0
2024/05/21-18:51:08.652156 8ae8   Options.memtable_huge_page_size: 0
2024/05/21-18:51:08.652160 8ae8                           Options.bloom_locality: 0
2024/05/21-18:51:08.652165 8ae8                    Options.max_successive_merges: 0
2024/05/21-18:51:08.652169 8ae8                Options.optimize_filters_for_hits: 0
2024/05/21-18:51:08.652173 8ae8                Options.paranoid_file_checks: 0
2024/05/21-18:51:08.652178 8ae8                Options.force_consistency_checks: 1
2024/05/21-18:51:08.652182 8ae8                Options.report_bg_io_stats: 0
2024/05/21-18:51:08.652186 8ae8                               Options.ttl: 0
2024/05/21-18:51:08.652191 8ae8          Options.periodic_compaction_seconds: 0
2024/05/21-18:51:08.652195 8ae8  Options.preclude_last_level_data_seconds: 0
2024/05/21-18:51:08.652200 8ae8    Options.preserve_internal_time_seconds: 0
2024/05/21-18:51:08.652204 8ae8                       Options.enable_blob_files: false
2024/05/21-18:51:08.652209 8ae8                           Options.min_blob_size: 0
2024/05/21-18:51:08.652213 8ae8                          Options.blob_file_size: 268435456
2024/05/21-18:51:08.652218 8ae8                   Options.blob_compression_type: NoCompression
2024/05/21-18:51:08.652222 8ae8          Options.enable_blob_garbage_collection: false
2024/05/21-18:51:08.652227 8ae8      Options.blob_garbage_collection_age_cutoff: 0.250000
2024/05/21-18:51:08.652232 8ae8 Options.blob_garbage_collection_force_threshold: 1.000000
2024/05/21-18:51:08.652237 8ae8          Options.blob_compaction_readahead_size: 0
2024/05/21-18:51:08.652242 8ae8                Options.blob_file_starting_level: 0
2024/05/21-18:51:08.652246 8ae8 Options.experimental_mempurge_threshold: 0.000000
2024/05/21-18:51:08.652485 8ae8 [db\column_family.cc:621] --------------- Options for column family []:
2024/05/21-18:51:08.652499 8ae8               Options.comparator: leveldb.BytewiseComparator
2024/05/21-18:51:08.652506 8ae8           Options.merge_operator: None
2024/05/21-18:51:08.652512 8ae8        Options.compaction_filter: None
2024/05/21-18:51:08.652517 8ae8        Options.compaction_filter_factory: None
2024/05/21-18:51:08.652523 8ae8  Options.sst_partitioner_factory: None
2024/05/21-18:51:08.652528 8ae8         Options.memtable_factory: SkipListFactory
2024/05/21-18:51:08.652533 8ae8            Options.table_factory: BlockBasedTable
2024/05/21-18:51:08.652562 8ae8            table_factory options:   flush_block_policy_factory: FlushBlockBySizePolicyFactory (000001AEC6405340)
  cache_index_and_filter_blocks: 0
  cache_index_and_filter_blocks_with_high_priority: 1
  pin_l0_filter_and_index_blocks_in_cache: 0
  pin_top_level_index_and_filter: 1
  index_type: 0
  data_block_index_type: 0
  index_shortening: 1
  data_block_hash_table_util_ratio: 0.750000
  checksum: 1
  no_block_cache: 0
  block_cache: 000001AEC649B590
  block_cache_name: LRUCache
  block_cache_options:
    capacity : 134217728
    num_shard_bits : 6
    strict_capacity_limit : 0
    memory_allocator : None
    high_pri_pool_ratio: 0.000
    low_pri_pool_ratio: 0.000
  persistent_cache: 0000000000000000
  block_size: 32768
  block_size_deviation: 10
  block_restart_interval: 16
  index_block_restart_interval: 1
  metadata_block_size: 4096
  partition_filters: 0
  use_delta_encoding: 1
  filter_policy: bloomfilter
  whole_key_filtering: 1
  verify_compression: 0
  read_amp_bytes_per_bit: 0
  format_version: 5
  enable_index_compression: 1
  block_align: 0
  max_auto_readahead_size: 262144
  prepopulate_block_cache: 0
  initial_auto_readahead_size: 8192
  num_file_reads_for_auto_readahead: 2
2024/05/21-18:51:08.652568 8ae8        Options.write_buffer_size: 67108864
2024/05/21-18:51:08.652574 8ae8  Options.max_write_buffer_number: 2
2024/05/21-18:51:08.652579 8ae8          Options.compression: LZ4
2024/05/21-18:51:08.652584 8ae8                  Options.bottommost_compression: Disabled
2024/05/21-18:51:08.652590 8ae8       Options.prefix_extractor: nullptr
2024/05/21-18:51:08.652597 8ae8   Options.memtable_insert_with_hint_prefix_extractor: nullptr
2024/05/21-18:51:08.652604 8ae8             Options.num_levels: 7
2024/05/21-18:51:08.652610 8ae8        Options.min_write_buffer_number_to_merge: 1
2024/05/21-18:51:08.652615 8ae8     Options.max_write_buffer_number_to_maintain: 0
2024/05/21-18:51:08.652620 8ae8     Options.max_write_buffer_size_to_maintain: 134217728
2024/05/21-18:51:08.652626 8ae8            Options.bottommost_compression_opts.window_bits: -14
2024/05/21-18:51:08.652631 8ae8                  Options.bottommost_compression_opts.level: 32767
2024/05/21-18:51:08.652637 8ae8               Options.bottommost_compression_opts.strategy: 0
2024/05/21-18:51:08.652642 8ae8         Options.bottommost_compression_opts.max_dict_bytes: 0
2024/05/21-18:51:08.652648 8ae8         Options.bottommost_compression_opts.zstd_max_train_bytes: 0
2024/05/21-18:51:08.652653 8ae8         Options.bottommost_compression_opts.parallel_threads: 1
2024/05/21-18:51:08.652659 8ae8                  Options.bottommost_compression_opts.enabled: false
2024/05/21-18:51:08.652664 8ae8         Options.bottommost_compression_opts.max_dict_buffer_bytes: 0
2024/05/21-18:51:08.652670 8ae8         Options.bottommost_compression_opts.use_zstd_dict_trainer: true
2024/05/21-18:51:08.652676 8ae8            Options.compression_opts.window_bits: -14
2024/05/21-18:51:08.652681 8ae8                  Options.compression_opts.level: 32767
2024/05/21-18:51:08.652687 8ae8               Options.compression_opts.strategy: 0
2024/05/21-18:51:08.652692 8ae8         Options.compression_opts.max_dict_bytes: 0
2024/05/21-18:51:08.652698 8ae8         Options.compression_opts.zstd_max_train_bytes: 0
2024/05/21-18:51:08.652703 8ae8         Options.compression_opts.use_zstd_dict_trainer: true
2024/05/21-18:51:08.652709 8ae8         Options.compression_opts.parallel_threads: 1
2024/05/21-18:51:08.652714 8ae8                  Options.compression_opts.enabled: false
2024/05/21-18:51:08.652720 8ae8         Options.compression_opts.max_dict_buffer_bytes: 0
2024/05/21-18:51:08.652725 8ae8      Options.level0_file_num_compaction_trigger: 4
2024/05/21-18:51:08.652730 8ae8          Options.level0_slowdown_writes_trigger: 20
2024/05/21-18:51:08.652736 8ae8              Options.level0_stop_writes_trigger: 36
2024/05/21-18:51:08.652741 8ae8                   Options.target_file_size_base: 67108864
2024/05/21-18:51:08.652747 8ae8             Options.target_file_size_multiplier: 1
2024/05/21-18:51:08.652752 8ae8                Options.max_bytes_for_level_base: 268435456
2024/05/21-18:51:08.652758 8ae8 Options.level_compaction_dynamic_level_bytes: 0
2024/05/21-18:51:08.652764 8ae8          Options.max_bytes_for_level_multiplier: 10.000000
2024/05/21-18:51:08.652770 8ae8 Options.max_bytes_for_level_multiplier_addtl[0]: 1
2024/05/21-18:51:08.652776 8ae8 Options.max_bytes_for_level_multiplier_addtl[1]: 1
2024/05/21-18:51:08.652781 8ae8 Options.max_bytes_for_level_multiplier_addtl[2]: 1
2024/05/21-18:51:08.652787 8ae8 Options.max_bytes_for_level_multiplier_addtl[3]: 1
2024/05/21-18:51:08.652792 8ae8 Options.max_bytes_for_level_multiplier_addtl[4]: 1
2024/05/21-18:51:08.652797 8ae8 Options.max_bytes_for_level_multiplier_addtl[5]: 1
2024/05/21-18:51:08.652803 8ae8 Options.max_bytes_for_level_multiplier_addtl[6]: 1
2024/05/21-18:51:08.652808 8ae8       Options.max_sequential_skip_in_iterations: 8
2024/05/21-18:51:08.652814 8ae8                    Options.max_compaction_bytes: 1677721600
2024/05/21-18:51:08.652819 8ae8   Options.ignore_max_compaction_bytes_for_input: true
2024/05/21-18:51:08.652825 8ae8                        Options.arena_block_size: 1048576
2024/05/21-18:51:08.652830 8ae8   Options.soft_pending_compaction_bytes_limit: 68719476736
2024/05/21-18:51:08.652836 8ae8   Options.hard_pending_compaction_bytes_limit: 274877906944
2024/05/21-18:51:08.652841 8ae8                Options.disable_auto_compactions: 0
2024/05/21-18:51:08.652847 8ae8                        Options.compaction_style: kCompactionStyleLevel
2024/05/21-18:51:08.652855 8ae8                          Options.compaction_pri: kMinOverlappingRatio
2024/05/21-18:51:08.652861 8ae8 Options.compaction_options_universal.size_ratio: 1
2024/05/21-18:51:08.652867 8ae8 Options.compaction_options_universal.min_merge_width: 2
2024/05/21-18:51:08.652872 8ae8 Options.compaction_options_universal.max_merge_width: 4294967295
2024/05/21-18:51:08.652878 8ae8 Options.compaction_options_universal.max_size_amplification_percent: 200
2024/05/21-18:51:08.652883 8ae8 Options.compaction_options_universal.compression_size_percent: -1
2024/05/21-18:51:08.652889 8ae8 Options.compaction_options_universal.stop_style: kCompactionStopStyleTotalSize
2024/05/21-18:51:08.652893 8ae8 Options.compaction_options_fifo.max_table_files_size: 1073741824
2024/05/21-18:51:08.652897 8ae8 Options.compaction_options_fifo.allow_compaction: 0
2024/05/21-18:51:08.652903 8ae8                   Options.table_properties_collectors: 
2024/05/21-18:51:08.652908 8ae8                   Options.inplace_update_support: 0
2024/05/21-18:51:08.652912 8ae8                 Options.inplace_update_num_locks: 10000
2024/05/21-18:51:08.652917 8ae8               Options.memtable_prefix_bloom_size_ratio: 0.000000
2024/05/21-18:51:08.652921 8ae8               Options.memtable_whole_key_filtering: 0
2024/05/21-18:51:08.652925 8ae8   Options.memtable_huge_page_size: 0
2024/05/21-18:51:08.652929 8ae8                           Options.bloom_locality: 0
2024/05/21-18:51:08.652934 8ae8                    Options.max_successive_merges: 0
2024/05/21-18:51:08.652938 8ae8                Options.optimize_filters_for_hits: 0
2024/05/21-18:51:08.652942 8ae8                Options.paranoid_file_checks: 0
2024/05/21-18:51:08.652946 8ae8                Options.force_consistency_checks: 1
2024/05/21-18:51:08.652951 8ae8                Options.report_bg_io_stats: 0
2024/05/21-18:51:08.652966 8ae8                               Options.ttl: 0
2024/05/21-18:51:08.652971 8ae8          Options.periodic_compaction_seconds: 0
2024/05/21-18:51:08.652975 8ae8  Options.preclude_last_level_data_seconds: 0
2024/05/21-18:51:08.652980 8ae8    Options.preserve_internal_time_seconds: 0
2024/05/21-18:51:08.652984 8ae8                       Options.enable_blob_files: true
2024/05/21-18:51:08.652988 8ae8                           Options.min_blob_size: 100
2024/05/21-18:51:08.652993 8ae8                          Options.blob_file_size: 268435456
2024/05/21-18:51:08.652997 8ae8                   Options.blob_compression_type: LZ4
2024/05/21-18:51:08.653002 8ae8          Options.enable_blob_garbage_collection: false
2024/05/21-18:51:08.653007 8ae8      Options.blob_garbage_collection_age_cutoff: 0.250000
2024/05/21-18:51:08.653012 8ae8 Options.blob_garbage_collection_force_threshold: 1.000000
2024/05/21-18:51:08.653017 8ae8          Options.blob_compaction_readahead_size: 0
2024/05/21-18:51:08.653021 8ae8                Options.blob_file_starting_level: 0
2024/05/21-18:51:08.653026 8ae8 Options.experimental_mempurge_threshold: 0.000000
2024/05/21-18:51:08.653102 8ae8 [db\column_family.cc:621] --------------- Options for column family []:
2024/05/21-18:51:08.653109 8ae8               Options.comparator: leveldb.BytewiseComparator
2024/05/21-18:51:08.653113 8ae8           Options.merge_operator: None
2024/05/21-18:51:08.653118 8ae8        Options.compaction_filter: None
2024/05/21-18:51:08.653122 8ae8        Options.compaction_filter_factory: None
2024/05/21-18:51:08.653126 8ae8  Options.sst_partitioner_factory: None
2024/05/21-18:51:08.653130 8ae8         Options.memtable_factory: SkipListFactory
2024/05/21-18:51:08.653134 8ae8            Options.table_factory: BlockBasedTable
2024/05/21-18:51:08.653160 8ae8            table_factory options:   flush_block_policy_factory: FlushBlockBySizePolicyFactory (000001AEC41EDB30)
  cache_index_and_filter_blocks: 0
  cache_index_and_filter_blocks_with_high_priority: 1
  pin_l0_filter_and_index_blocks_in_cache: 0
  pin_top_level_index_and_filter: 1
  index_type: 0
  data_block_index_type: 0
  index_shortening: 1
  data_block_hash_table_util_ratio: 0.750000
  checksum: 1
  no_block_cache: 0
  block_cache: 000001AEC649BEF0
  block_cache_name: LRUCache
  block_cache_options:
    capacity : 134217728
    num_shard_bits : 6
    strict_capacity_limit : 0
    memory_allocator : None
    high_pri_pool_ratio: 0.000
    low_pri_pool_ratio: 0.000
  persistent_cache: 0000000000000000
  block_size: 32768
  block_size_deviation: 10
  block_restart_interval: 16
  index_block_restart_interval: 1
  metadata_block_size: 4096
  partition_filters: 0
  use_delta_encoding: 1
  filter_policy: bloomfilter
  whole_key_filtering: 1
  verify_compression: 0
  read_amp_bytes_per_bit: 0
  format_version: 5
  enable_index_compression: 1
  block_align: 0
  max_auto_readahead_size: 262144
  prepopulate_block_cache: 0
  initial_auto_readahead_size: 8192
  num_file_reads_for_auto_readahead: 2
2024/05/21-18:51:08.653166 8ae8        Options.write_buffer_size: 67108864
2024/05/21-18:51:08.653172 8ae8  Options.max_write_buffer_number: 2
2024/05/21-18:51:08.653176 8ae8          Options.compression: LZ4
2024/05/21-18:51:08.653180 8ae8                  Options.bottommost_compression: Disabled
2024/05/21-18:51:08.653185 8ae8       Options.prefix_extractor: nullptr
2024/05/21-18:51:08.653189 8ae8   Options.memtable_insert_with_hint_prefix_extractor: nullptr
2024/05/21-18:51:08.653193 8ae8             Options.num_levels: 7
2024/05/21-18:51:08.653197 8ae8        Options.min_write_buffer_number_to_merge: 1
2024/05/21-18:51:08.653201 8ae8     Options.max_write_buffer_number_to_maintain: 0
2024/05/21-18:51:08.653206 8ae8     Options.max_write_buffer_size_to_maintain: 134217728
2024/05/21-18:51:08.653210 8ae8            Options.bottommost_compression_opts.window_bits: -14
2024/05/21-18:51:08.653214 8ae8                  Options.bottommost_compression_opts.level: 32767
2024/05/21-18:51:08.653219 8ae8               Options.bottommost_compression_opts.strategy: 0
2024/05/21-18:51:08.653223 8ae8         Options.bottommost_compression_opts.max_dict_bytes: 0
2024/05/21-18:51:08.653228 8ae8         Options.bottommost_compression_opts.zstd_max_train_bytes: 0
2024/05/21-18:51:08.653232 8ae8         Options.bottommost_compression_opts.parallel_threads: 1
2024/05/21-18:51:08.653237 8ae8                  Options.bottommost_compression_opts.enabled: false
2024/05/21-18:51:08.653241 8ae8         Options.bottommost_compression_opts.max_dict_buffer_bytes: 0
2024/05/21-18:51:08.653246 8ae8         Options.bottommost_compression_opts.use_zstd_dict_trainer: true
2024/05/21-18:51:08.653250 8ae8            Options.compression_opts.window_bits: -14
2024/05/21-18:51:08.653255 8ae8                  Options.compression_opts.level: 32767
2024/05/21-18:51:08.653259 8ae8               Options.compression_opts.strategy: 0
2024/05/21-18:51:08.653264 8ae8         Options.compression_opts.max_dict_bytes: 0
2024/05/21-18:51:08.653268 8ae8         Options.compression_opts.zstd_max_train_bytes: 0
2024/05/21-18:51:08.653272 8ae8         Options.compression_opts.use_zstd_dict_trainer: true
2024/05/21-18:51:08.653277 8ae8         Options.compression_opts.parallel_threads: 1
2024/05/21-18:51:08.653281 8ae8                  Options.compression_opts.enabled: false
2024/05/21-18:51:08.653285 8ae8         Options.compression_opts.max_dict_buffer_bytes: 0
2024/05/21-18:51:08.653290 8ae8      Options.level0_file_num_compaction_trigger: 4
2024/05/21-18:51:08.653294 8ae8          Options.level0_slowdown_writes_trigger: 20
2024/05/21-18:51:08.653299 8ae8              Options.level0_stop_writes_trigger: 36
2024/05/21-18:51:08.653303 8ae8                   Options.target_file_size_base: 67108864
2024/05/21-18:51:08.653307 8ae8             Options.target_file_size_multiplier: 1
2024/05/21-18:51:08.653312 8ae8                Options.max_bytes_for_level_base: 268435456
2024/05/21-18:51:08.653316 8ae8 Options.level_compaction_dynamic_level_bytes: 0
2024/05/21-18:51:08.653321 8ae8          Options.max_bytes_for_level_multiplier: 10.000000
2024/05/21-18:51:08.653326 8ae8 Options.max_bytes_for_level_multiplier_addtl[0]: 1
2024/05/21-18:51:08.653330 8ae8 Options.max_bytes_for_level_multiplier_addtl[1]: 1
2024/05/21-18:51:08.653367 8ae8 Options.max_bytes_for_level_multiplier_addtl[2]: 1
2024/05/21-18:51:08.653373 8ae8 Options.max_bytes_for_level_multiplier_addtl[3]: 1
2024/05/21-18:51:08.653377 8ae8 Options.max_bytes_for_level_multiplier_addtl[4]: 1
2024/05/21-18:51:08.653382 8ae8 Options.max_bytes_for_level_multiplier_addtl[5]: 1
2024/05/21-18:51:08.653386 8ae8 Options.max_bytes_for_level_multiplier_addtl[6]: 1
2024/05/21-18:51:08.653391 8ae8       Options.max_sequential_skip_in_iterations: 8
2024/05/21-18:51:08.653395 8ae8                    Options.max_compaction_bytes: 1677721600
2024/05/21-18:51:08.653400 8ae8   Options.ignore_max_compaction_bytes_for_input: true
2024/05/21-18:51:08.653404 8ae8                        Options.arena_block_size: 1048576
2024/05/21-18:51:08.653409 8ae8   Options.soft_pending_compaction_bytes_limit: 68719476736
2024/05/21-18:51:08.653413 8ae8   Options.hard_pending_compaction_bytes_limit: 274877906944
2024/05/21-18:51:08.653417 8ae8                Options.disable_auto_compactions: 0
2024/05/21-18:51:08.653422 8ae8                        Options.compaction_style: kCompactionStyleLevel
2024/05/21-18:51:08.653427 8ae8                          Options.compaction_pri: kMinOverlappingRatio
2024/05/21-18:51:08.653431 8ae8 Options.compaction_options_universal.size_ratio: 1
2024/05/21-18:51:08.653435 8ae8 Options.compaction_options_universal.min_merge_width: 2
2024/05/21-18:51:08.653440 8ae8 Options.compaction_options_universal.max_merge_width: 4294967295
2024/05/21-18:51:08.653444 8ae8 Options.compaction_options_universal.max_size_amplification_percent: 200
2024/05/21-18:51:08.653449 8ae8 Options.compaction_options_universal.compression_size_percent: -1
2024/05/21-18:51:08.653453 8ae8 Options.compaction_options_universal.stop_style: kCompactionStopStyleTotalSize
2024/05/21-18:51:08.653458 8ae8 Options.compaction_options_fifo.max_table_files_size: 1073741824
2024/05/21-18:51:08.653462 8ae8 Options.compaction_options_fifo.allow_compaction: 0
2024/05/21-18:51:08.653468 8ae8                   Options.table_properties_collectors: 
2024/05/21-18:51:08.653472 8ae8                   Options.inplace_update_support: 0
2024/05/21-18:51:08.653476 8ae8                 Options.inplace_update_num_locks: 10000
2024/05/21-18:51:08.653481 8ae8               Options.memtable_prefix_bloom_size_ratio: 0.000000
2024/05/21-18:51:08.653486 8ae8               Options.memtable_whole_key_filtering: 0
2024/05/21-18:51:08.653490 8ae8   Options.memtable_huge_page_size: 0
2024/05/21-18:51:08.653494 8ae8                           Options.bloom_locality: 0
2024/05/21-18:51:08.653498 8ae8                    Options.max_successive_merges: 0
2024/05/21-18:51:08.653503 8ae8                Options.optimize_filters_for_hits: 0
2024/05/21-18:51:08.653507 8ae8                Options.paranoid_file_checks: 0
2024/05/21-18:51:08.653511 8ae8                Options.force_consistency_checks: 1
2024/05/21-18:51:08.653515 8ae8                Options.report_bg_io_stats: 0
2024/05/21-18:51:08.653520 8ae8                               Options.ttl: 0
2024/05/21-18:51:08.653524 8ae8          Options.periodic_compaction_seconds: 0
2024/05/21-18:51:08.653528 8ae8  Options.preclude_last_level_data_seconds: 0
2024/05/21-18:51:08.653533 8ae8    Options.preserve_internal_time_seconds: 0
2024/05/21-18:51:08.653537 8ae8                       Options.enable_blob_files: false
2024/05/21-18:51:08.653541 8ae8                           Options.min_blob_size: 0
2024/05/21-18:51:08.653546 8ae8                          Options.blob_file_size: 268435456
2024/05/21-18:51:08.653550 8ae8                   Options.blob_compression_type: NoCompression
2024/05/21-18:51:08.653554 8ae8          Options.enable_blob_garbage_collection: false
2024/05/21-18:51:08.653559 8ae8      Options.blob_garbage_collection_age_cutoff: 0.250000
2024/05/21-18:51:08.653564 8ae8 Options.blob_garbage_collection_force_threshold: 1.000000
2024/05/21-18:51:08.653569 8ae8          Options.blob_compaction_readahead_size: 0
2024/05/21-18:51:08.653573 8ae8                Options.blob_file_starting_level: 0
2024/05/21-18:51:08.653579 8ae8 Options.experimental_mempurge_threshold: 0.000000
2024/05/21-18:51:08.653619 8ae8 [db\column_family.cc:621] --------------- Options for column family []:
2024/05/21-18:51:08.653625 8ae8               Options.comparator: leveldb.BytewiseComparator
2024/05/21-18:51:08.653629 8ae8           Options.merge_operator: None
2024/05/21-18:51:08.653634 8ae8        Options.compaction_filter: None
2024/05/21-18:51:08.653638 8ae8        Options.compaction_filter_factory: None
2024/05/21-18:51:08.653642 8ae8  Options.sst_partitioner_factory: None
2024/05/21-18:51:08.653646 8ae8         Options.memtable_factory: SkipListFactory
2024/05/21-18:51:08.653651 8ae8            Options.table_factory: BlockBasedTable
2024/05/21-18:51:08.653674 8ae8            table_factory options:   flush_block_policy_factory: FlushBlockBySizePolicyFactory (000001AEC41ED920)
  cache_index_and_filter_blocks: 0
  cache_index_and_filter_blocks_with_high_priority: 1
  pin_l0_filter_and_index_blocks_in_cache: 0
  pin_top_level_index_and_filter: 1
  index_type: 0
  data_block_index_type: 0
  index_shortening: 1
  data_block_hash_table_util_ratio: 0.750000
  checksum: 1
  no_block_cache: 0
  block_cache: 000001AEC649AE10
  block_cache_name: LRUCache
  block_cache_options:
    capacity : 134217728
    num_shard_bits : 6
    strict_capacity_limit : 0
    memory_allocator : None
    high_pri_pool_ratio: 0.000
    low_pri_pool_ratio: 0.000
  persistent_cache: 0000000000000000
  block_size: 32768
  block_size_deviation: 10
  block_restart_interval: 16
  index_block_restart_interval: 1
  metadata_block_size: 4096
  partition_filters: 0
  use_delta_encoding: 1
  filter_policy: bloomfilter
  whole_key_filtering: 1
  verify_compression: 0
  read_amp_bytes_per_bit: 0
  format_version: 5
  enable_index_compression: 1
  block_align: 0
  max_auto_readahead_size: 262144
  prepopulate_block_cache: 0
  initial_auto_readahead_size: 8192
  num_file_reads_for_auto_readahead: 2
2024/05/21-18:51:08.653679 8ae8        Options.write_buffer_size: 67108864
2024/05/21-18:51:08.653684 8ae8  Options.max_write_buffer_number: 2
2024/05/21-18:51:08.653688 8ae8          Options.compression: LZ4
2024/05/21-18:51:08.653692 8ae8                  Options.bottommost_compression: Disabled
2024/05/21-18:51:08.653696 8ae8       Options.prefix_extractor: nullptr
2024/05/21-18:51:08.653701 8ae8   Options.memtable_insert_with_hint_prefix_extractor: nullptr
2024/05/21-18:51:08.653705 8ae8             Options.num_levels: 7
2024/05/21-18:51:08.653709 8ae8        Options.min_write_buffer_number_to_merge: 1
2024/05/21-18:51:08.653713 8ae8     Options.max_write_buffer_number_to_maintain: 0
2024/05/21-18:51:08.653718 8ae8     Options.max_write_buffer_size_to_maintain: 134217728
2024/05/21-18:51:08.653722 8ae8            Options.bottommost_compression_opts.window_bits: -14
2024/05/21-18:51:08.653726 8ae8                  Options.bottommost_compression_opts.level: 32767
2024/05/21-18:51:08.653731 8ae8               Options.bottommost_compression_opts.strategy: 0
